50
50
111089
114292
114516
105336
106343
118759
141751
90518
126814
132033
119893
131815
116435
120610
109568
117654
106658
114489
130471
108521
120327
107524
122801
115319
122197
121700
126468
99972
136495
135256
128350
90283
119037
90081
113097
120896
96599
110251
116438
113036
137635
121316
114881
131062
119532
108272
92321
130530
123295
119354
127265
152215
136821
133226
135916
136006
160721
108267
140148
148229
147234
142621
119050
143626
124097
133795
150140
133267
151733
126259
151891
130276
152529
140226
142706
135536
141826
122217
172653
154768
154849
103206
152883
108656
133358
138034
126101
129298
140099
136227
146761
151150
126582
151816
136864
126371
114782
142529
139607
149229
113035
127741
135756
122432
134210
130746
148644
107610
122937
135885
138015
130410
115016
137856
124848
138816
125150
131918
138045
122583
130753
129533
130972
125379
126525
129830
133133
95403
160816
139554
144712
105326
125979
95185
116153
140662
119383
105563
125655
116633
143633
128970
121494
140419
136752
119396
97504
143784
131410
128767
109008
115346
131448
112275
122807
129833
147053
96267
139723
142849
133518
135196
120414
130136
105631
127084
123536
122325
137344
113069
135296
114898
133147
124793
140618
131421
130937
108493
150884
152479
144968
96655
139563
88646
124542
135052
110035
121987
124759
120990
142245
131952
124117
154932
142671
107759
110577
142056
123823
124805
122484
112738
128584
117759
120820
121776
142374
96336
124524
140065
125423
129450
123791
140760
122967
119818
121739
114864
142450
114607
129386
127505
128932
124896
127088
131198
135115
116324
143460
143834
144042
98012
139281
103656
118842
126997
114327
123252
136217
123835
147623
136819
117808
133786
135672
126425
107442
133768
123682
126742
112444
117377
131335
106974
99574
107545
147901
99422
131982
135887
124305
123408
122981
137320
109946
124691
113177
120439
122736
114614
126765
121840
121103
113296
121984
130584
133140
100773
144368
138441
139642
98446
118933
90580
113675
128415
111254
107016
125167
117215
138567
128463
129391
132874
126086
120440
93701
144287
119598
115710
131644
134171
139278
133846
132102
144401
150021
107087
149231
147115
152549
137620
122312
153617
128823
142841
138624
148154
150496
136204
151623
152996
146088
148067
145785
144818
134741
118210
174892
157322
174527
119610
150377
106807
121341
148105
132408
129038
157532
142656
163073
141378
136794
161454
143170
122351
122232
154666
143096
147380
136294
151119
142703
127239
131364
142233
159779
112315
146443
159224
146488
137741
141467
143059
125709
137158
149472
136364
149918
127896
152799
138206
146297
136474
140326
155302
145299
121763
157445
175668
161866
113400
156519
118017
138343
151258
128897
122789
149714
141651
150939
152755
138806
162621
140825
132724
117140
148775
134747
141739
112571
108077
113877
110794
112182
115949
129243
101557
124561
126928
135599
111919
108902
133242
102767
114407
123990
131801
126216
110211
130744
127983
126658
125125
121587
122517
110705
103720
133726
132010
137062
95734
127089
89360
98194
117341
108676
106344
125447
110917
137718
122972
111192
134019
113341
97377
89206
123633
111171
127716
115322
115802
118969
105678
110929
114688
136225
102245
128002
130541
129252
125165
116679
140899
102579
139545
124084
138891
131470
119092
139107
124653
124146
124675
130581
131369
125792
103530
149584
138903
132327
100451
133671
88250
117138
140520
109202
107519
129788
110445
142591
126618
120167
148980
114321
107137
93999
133114
117227
125580
114341
103910
107495
103868
92386
109997
116615
81892
99222
109894
117428
106138
96878
120850
100815
115909
108808
103751
117442
111992
120729
115561
107960
110384
113622
116650
108936
107141
126338
117998
135694
83521
121602
81724
99265
105407
94276
97573
121566
105563
133730
115544
103400
120338
110422
104418
98704
113054
99467
115956
117663
129224
123494
107113
123761
121650
140231
102542
117181
121066
116876
126379
110749
130823
122970
118085
124265
124529
127218
107762
130129
123592
124228
124665
120457
134423
121958
99733
152684
148393
147104
97447
124492
88008
109056
129217
122223
102491
127181
115304
140462
118299
125709
142344
123651
119016
98862
125433
121552
120287
113170
116621
130871
130014
105390
108452
131579
107035
123913
117753
124325
114902
118881
128982
103769
118931
123497
122472
132804
112321
123560
114327
116754
116911
126149
110958
125230
108425
142371
132343
141607
98272
123396
86125
118636
123718
107695
106633
124614
122986
135307
122623
119718
130704
118513
111717
92091
138777
129829
129822
112169
128465
115859
100380
118892
126314
134529
97462
130052
131493
136642
130750
112318
130014
117359
121472
122748
129436
128100
118643
127467
120387
132148
124640
107768
137969
118206
101083
143314
143933
144692
111453
127062
94718
108209
132823
113547
105405
124633
118996
134641
137669
119678
138852
120177
102526
96300
134206
110629
122637
100559
117448
121728
100179
112861
102684
133433
91241
120801
115995
130783
120094
103291
125502
108835
124002
120139
107778
121677
118038
119919
117791
124720
107937
109810
127181
125090
99393
138152
131887
143293
95225
131190
88008
120650
129285
106289
115096
128995
117694
129554
133846
111312
135272
127823
112955
100777
131511
115535
126445
132855
136096
136596
132734
120156
130606
142415
110829
144247
138713
138167
128834
124438
144338
129269
131228
132215
138003
137687
121948
137414
128184
137701
138074
124756
141151
141348
120999
153654
152871
163829
110865
142646
106674
129717
144861
120781
116260
140360
145814
144431
151226
126723
150201
138399
123238
111853
153043
126101
145132
99894
96270
111807
104593
103521
102189
120242
92294
110706
116234
110254
101012
106843
111289
103111
114686
104767
105755
112374
100542
108152
107127
105411
107647
101741
110307
112887
89390
125571
115026
120430
87488
105432
78765
98525
113554
104459
100934
107556
101636
125190
110885
110402
110319
116802
102548
77808
116030
105500
121245
112106
118280
120354
116945
111978
121644
137566
94854
124092
129240
116352
130766
117656
127417
103669
115608
116288
109598
123986
108858
117807
104032
111913
118102
121779
117090
124549
113003
147790
146183
124832
101844
127201
97441
125222
126661
102392
113054
125103
104931
135838
125828
107668
134110
115557
110570
94147
129890
119102
125482
112176
108607
115456
110005
105100
114205
125011
92375
108709
116351
127212
114653
99465
128000
106509
114970
113583
108288
115786
112818
112457
108450
119106
107100
113299
107897
118375
100363
139180
121128
135456
94772
114275
74794
103775
117988
99953
104394
119787
104645
134228
119367
105172
119547
122249
104960
84464
128552
114203
117103
131919
139127
120610
127743
124815
133314
143004
105799
133516
140191
133983
142064
119674
132615
123056
125726
134358
129510
148006
116330
146836
123352
139338
125077
119630
133761
130346
107979
151704
154626
144913
105379
139348
110542
118740
121231
113527
117169
130319
124813
150311
137060
123230
142887
123999
127812
105103
146430
136149
144169
127365
137017
142014
133829
123892
124608
152546
105949
132806
144789
134824
128781
124430
136863
124704
135708
136078
125627
141209
123808
144423
127439
129394
131097
133386
140532
137865
128521
154232
152349
146536
101102
137636
104476
131155
131935
123194
113671
135206
121879
147730
146515
130520
150396
134433
131486
110378
149460
135424
143297
135768
128759
134444
126321
128829
141212
148622
102367
141103
143094
145143
129266
139380
143321
118816
134749
129727
130248
144706
126280
134847
138616
140441
131174
138989
133832
133615
116502
160231
155989
156995
106330
141894
109041
130645
150272
124831
112488
141934
124283
160026
138421
134873
155750
137989
122977
112372
151687
140503
142843
102650
97193
114483
105824
100919
101460
135107
84508
118618
110535
116866
108268
112682
117734
96413
118418
108376
115903
121284
105430
115449
113321
124825
102839
109122
116024
120615
101615
136446
125735
128054
89664
111156
83835
116927
121728
102647
98462
113327
100257
131414
113437
112128
134245
114335
108808
80733
126219
112703
120643
110504
123079
142772
114792
128162
130265
140774
101063
132853
151016
131403
123812
120970
131867
111041
121540
122620
126715
132986
113463
120940
126069
126427
130399
133519
132541
133417
115372
144914
143253
146032
100275
131291
104353
110638
144024
112160
117730
130861
133258
124791
135192
116973
146679
131334
112303
96378
127459
117927
124447
110599
123792
117827
109734
122938
118318
134663
100097
133784
129476
130057
118278
111346
125845
115327
125060
128686
126200
130027
114792
137484
117192
123750
122994
124896
126068
125291
104954
151055
140478
138594
99479
130583
98208
114367
128710
107279
105821
117721
115923
142432
134311
108999
136569
119103
110201
96332
128561
126690
129678
123986
127143
116909
114063
117381
127314
139794
104729
127181
123798
134584
115608
124035
129447
123459
129361
134412
119249
137220
117278
128755
133013
127292
132631
126755
128351
133162
104729
154683
142866
154258
100986
133888
97128
114776
134035
116324
107833
136946
121466
139248
129223
121636
150014
127823
115443
108605
147382
120960
134593
129251
134095
140568
122210
125404
127173
146561
108937
134710
133491
137180
128762
123473
145175
126543
126595
130656
136476
131729
124685
138409
119257
129303
120211
115513
136729
131034
100733
147780
149639
145387
112125
128716
95923
122261
138527
117174
108452
135807
122507
150926
133682
130034
136058
130529
129714
91715
152434
131198
134326
111031
118008
121004
108475
118090
119304
130115
93419
124547
113382
120235
114451
118594
118642
102258
110737
115228
101958
117677
116937
110516
111299
115375
105043
114941
122394
120183
99161
121625
126440
136086
90183
116432
89002
114686
127656
100048
111368
113107
116833
133253
122538
117869
129220
110628
112442
92302
122643
117277
122860
125257
119157
130376
131629
135184
132634
143068
108114
142865
138451
143609
138898
128899
147111
127720
131559
129169
133055
139479
123402
137635
128496
133779
128532
132132
137532
139518
103023
145708
150073
143888
106313
145210
99129
123371
133594
125139
129384
140818
117122
159522
131398
123563
142581
138841
126532
102859
148676
136128
143106
142076
144015
141125
137692
136655
150242
156543
107882
149507
157667
146659
146733
137480
152225
133677
139198
140303
136716
147940
124245
144633
138989
147530
136219
141923
143421
150609
124898
162390
163454
160386
113131
145079
111226
129229
146130
131374
127061
148354
135168
161239
149247
137959
160735
147159
136986
116272
159779
136752
146345
120643
139833
144390
128692
136493
132236
148536
110091
138931
151149
140991
134473
123516
145498
125051
132793
142447
137409
142629
129126
152913
136698
132977
134613
142000
149851
138543
118711
151829
156023
155676
102558
142554
110290
130061
137672
128991
125277
143996
130867
153664
147521
129756
154599
137686
126561
120668
144609
130940
141496
131430
126066
131585
113873
123021
123683
147075
100872
133719
143490
131337
122908
119732
137120
120270
124492
136805
126851
137011
113313
135625
128147
128607
120667
134044
135141
129088
115851
142649
151549
147914
98923
138631
103750
127719
131417
116076
114284
144281
119624
149341
135855
120209
141412
128973
116396
102445
134932
130303
142076
138650
150475
162583
140705
141303
140487
171403
124507
156065
159407
162496
163478
138507
164749
145380
149451
142912
142654
155077
144655
157903
146851
159991
146519
153138
168552
158318
138986
171615
171641
171080
115287
164872
117278
143050
156857
139305
147161
160389
133443
173331
161876
151245
168085
167577
140975
128216
166012
157329
157637
124493
130862
134591
127419
128277
120668
141650
99692
134966
137628
142142
127890
123113
138588
123267
134828
138174
130952
136132
121513
142871
128770
131070
119784
134777
146967
140097
113540
147380
157065
153188
104170
142987
96272
124383
134645
124558
120058
136703
120068
147244
139648
130292
151464
130731
123649
108499
144553
140914
145958
105279
105107
120979
110277
109955
109296
131593
97273
131267
125599
129679
121784
119186
130078
109290
132878
117354
119109
119649
111157
126823
122335
123178
123634
125083
129967
140054
106050
143702
138354
132937
100269
140538
102798
120302
133304
113118
123272
133342
105395
136602
124589
116616
144933
130953
109213
101427
131613
117408
129584
132849
127857
134629
134793
127823
126028
149818
104411
140732
141401
149562
140138
122516
152936
119700
132039
126763
141191
142790
137750
150584
136057
146188
132289
133592
145133
141061
116989
158594
157521
154349
108357
144595
101315
127215
141925
127302
127520
144961
126308
156346
144273
123440
150952
132267
132976
108791
147723
135294
139139
125171
127162
123814
106255
118895
127967
140887
103923
135627
137727
125246
126003
129769
132330
115538
135923
123115
136516
145708
121817
139275
130999
125402
121683
132381
140725
131008
107082
155771
150037
149830
107430
132501
99873
117383
140138
111558
112438
132784
125802
150015
139051
123941
149805
120669
114663
97544
133483
119238
133978
112479
105876
104023
92415
104051
121068
136362
82947
120956
127261
117169
117351
116826
120452
106631
106187
111250
113782
128708
98910
116702
119832
114104
116321
125326
122463
116657
95533
125760
137771
132367
90760
125243
95499
101860
113177
101173
101465
118639
109148
136814
120253
107962
129637
109098
99195
90860
117958
104631
115757
132442
149495
146593
128828
124257
134106
164615
111801
161460
156830
146128
134249
130317
154653
122316
136779
149531
138214
142063
128032
149558
140959
146278
136679
151114
144351
146242
121978
166784
164184
165687
117261
149795
110075
132859
151424
133989
134295
152617
141958
158555
148009
141239
157023
145181
131245
121112
154763
144418
144237
109670
112425
128888
108516
112810
105631
122321
93832
114675
126133
113769
117955
102342
122070
101678
126297
111153
114860
116093
112182
130418
107832
111384
113061
113205
126260
121983
104059
132943
137654
131965
94101
118749
91384
113017
130095
108697
112844
127098
112672
133157
125259
115197
131047
123718
106597
99984
122261
108750
123479
119686
114006
128467
118981
112826
120496
130925
98522
131263
129338
130738
131660
122269
128484
117804
130000
109774
122869
130585
112310
126898
118102
128916
133949
130873
143906
134382
128716
148478
145780
146358
101450
134253
94891
120035
129286
106501
118156
129081
115583
140674
140937
124326
147233
132655
103963
96015
130211
123016
134514
122769
126010
127776
128879
122095
133100
147383
106725
125527
131035
146133
137890
127946
150495
122802
129416
130572
132010
145896
129270
143482
136933
134630
133553
144422
140269
139534
109129
155941
149027
156385
99429
144643
101781
115115
129882
118615
128194
133319
128189
152351
134276
127077
142039
129450
124957
111756
140373
138834
144400
122028
129457
121875
113706
111788
116627
129730
96268
142954
131485
121417
116934
110469
117155
104194
114325
129500
121562
116395
110118
127943
108688
120219
115706
116893
125584
115746
103506
132004
142404
135149
110305
132310
98790
117909
135211
110655
95149
123393
116249
125550
130908
118391
132088
114539
105359
100204
130604
118806
134378
121724
131454
128028
120969
126947
134092
136291
108054
128835
142645
129805
125065
120247
130562
114393
120890
135713
119190
128603
115522
128221
117271
129525
132620
126320
128614
120549
115002
144246
145351
139284
94550
139057
104943
120546
136300
116489
108921
130625
118181
142783
129995
120241
141635
126918
115627
107658
129415
123655
133115
99157
103315
104765
99252
106036
114853
121674
91316
119352
112456
109687
116806
111301
111608
93926
112083
101197
111564
115889
92497
111108
101856
111977
114386
106398
116896
108442
91397
131126
134950
127510
92314
119572
93121
103622
113179
104093
101336
118858
101722
121383
114304
106414
137226
110883
94625
86237
115551
104463
125727
109657
122181
132080
117517
130660
123434
131266
104210
128054
129548
128979
122185
122263
115120
106434
115794
120368
110705
129650
118089
129151
118316
117834
117354
126611
127404
123798
98979
138351
139216
139875
94399
124294
95853
104842
121047
114045
119162
122129
108940
135828
127551
122206
141154
126975
109145
101051
128599
124100
129125
136415
140904
141359
140723
147439
151457
158712
114714
145578
152990
153773
157616
143422
150990
129223
140161
142085
135200
152344
139148
150216
140528
148388
141157
140058
151926
150328
129445
169032
174686
173069
111898
153265
113649
135937
152982
131331
138531
156575
134953
172916
149917
139071
170117
152136
137241
124033
153843
142963
157823
123845
136920
130279
126068
128813
131596
155931
112832
144044
131816
139311
134851
123001
138380
116447
125502
132256
132141
134346
123839
133971
132462
135100
132803
138142
131994
137432
107835
153896
149926
150207
110842
132117
98627
122060
142126
123790
124074
134139
129222
145777
140224
127073
154245
123761
127973
98827
146746
126383
133024
116572
130409
136134
122426
121692
129530
150358
101305
141408
152078
144315
141120
122981
140962
109622
126188
129133
120518
140775
118597
139513
120731
134850
128880
142661
132891
139063
114595
155056
159148
139149
102433
144815
108341
122752
129324
107221
131974
142845
112312
147528
138018
115232
147859
141826
116123
108371
146824
135998
134551
121630
133207
148000
134145
136630
131082
157355
114660
150414
165047
158597
140663
128023
152365
118700
146049
145037
134088
142104
132961
156678
145128
152540
143172
150035
147392
147191
114844
164350
164269
154332
104991
153381
116455
135485
140890
129376
139219
140529
131910
161191
152139
138788
155981
147148
131072
116829
156957
155002
148317
